image: E1.pgm
resolution: 0.050000
origin: [-15.525000, -15.525000, 0]
negate: 0
occupied_thresh: 0.65
free_thresh: 0.196

